event_id,node_id
3541,1520271844
3541,1520275591
3541,1520277310
3541,1520287425
3541,1520287483
3541,1520287535
3541,1520289314
3541,1520299700
3541,1520300321
3541,1520300865
3541,1520301312
3541,1520302002
3541,1520302783
3541,1520302932
3541,1520303033
3541,1520303648
3541,1520304469
3541,1520314386
3541,1520315247
3541,1520316925
3541,1520317043
3541,1520320800
3541,1520321457
3541,1520321785
3541,1520322023
3541,1520334608
3541,1520335934
3541,1520336203
3541,1520372469
3541,1520372546
3541,1520402740
3541,1520404193
3541,1520404196
3541,1520405016
3541,1520405294
3541,1520405734
3541,1520406948
3541,1520407213
3541,1520407749
3541,1520407852
3541,1520409426
3541,1520409840
3541,1520409954
3541,1520410481
3541,1520410790
3541,1520410881
3541,1520412022
3541,1520412366
3541,1520412370
3541,1520412869
3541,1520413495
3541,1520413846
3541,1520414532
3541,1520414911
3541,1520415087
3541,1520415135
3541,1520415683
3541,1520415981
3541,1520416584
3541,1520417032
3541,1520417311
3541,1520417723
3541,1520418188
3541,1520418303
3541,1520419015
3541,1520420229
3541,1520420339
3541,1520420615
3541,1520420808
3541,1520421355
3541,1520421595
3541,1520422219
3541,1520422545
3541,1520422810
3541,1520423598
3541,1520423616
3541,1520423676
3541,1520424937
3541,1520426173
3541,1520426322
3541,1520428625
3541,1520428668
3541,1520429438
3541,1520430217
3541,1520430270
3541,1520431712
3541,1520432613
3541,1520432692
3541,1520432907
3541,1520433497
3541,1520433774
3541,1520433776
3541,1520434615
3541,1520436125
3541,1520436461
3541,1520436500
3541,1520437011
3541,1520437509
3541,1520438357
3541,1520438696
3541,1520438728
3541,1520438749
3541,1520439880
3541,1520440011
3541,1520440258
3541,1520440328
3541,1520440395
3541,1520440500
3541,1520440509
3541,1520440618
3541,1520440639
3541,1520440834
3541,1520441255
3541,1520442287
3541,1520442766
3541,1520442815
3541,1520443111
3541,1520444774
3541,1520444930
3541,1520445145
3541,1520449383
3541,1520454485
3541,1520454625
3541,1520455367
3541,1520455540
3541,1520455835
3541,1520456092
3541,1520456436
3541,1520456585
3541,1520456683
3541,1520457005
3541,1520457125
3541,1520457315
3541,1520457463
3541,1520458428
3541,1520459380
3541,1520459573
3541,1520459940
3541,1520460274
3541,1520460649
3541,1520461217
3541,1520461519
3541,1520462882
3541,1520463006
3541,1520464533
3541,1520465121
3541,1520465207
3541,1520465251
3541,1520466133
3541,1520466517
3541,1520466547
3541,1520466579
3541,1520466682
3541,1520467329
3541,1520467681
3541,1520468142
3541,1520469132
3541,1520470700
3541,1520471584
3541,1520471961
3541,1520473027
3541,1520474999
3541,1520475659
3541,1520476494
3541,1520477082
3541,1520477560
3541,1520479010
3541,1520479277
3541,1520479406
3541,1520479563
3541,1520479978
3541,1520480447
3541,1520480625
3541,1520480964
3541,1520481087
3541,1520481143
3541,1520481285
3541,1520481470
3541,1520481550
3541,1520481843
3541,1520481881
3541,1520481887
3541,1520482159
3541,1520482471
3541,1520482733
3541,1520483483
3541,1520484127
3541,1520484514
3541,1520484709
3541,1520485288
3541,1520485295
3541,1520485476
3541,1520485686
3541,1520486969
3541,1520487160
3541,1520487679
3541,1520488264
3541,1520488461
3541,1520489061
3541,1520489730
3541,1520490122
3541,1520490535
3541,1520490781
3541,1520491275
3541,1520491672
3541,1520491689
3541,1520491760
3541,1520491934
3541,1520492535
3541,1520492586
3541,1520493164
3541,1520493313
3541,1520493439
3541,1520493887
3541,1520494076
3541,1520494567
3541,1520494636
3541,1520494781
3541,1520495099
3541,1520495393
3541,1520495846
3541,1520496015
3541,1520496653
3541,1520496694
3541,1520496845
3541,1520496936
3541,1520497135
3541,1520497678
3541,1520497882
3541,1520499137
3541,1520499384
3541,1520499443
3541,1520500233
3541,1520510901
3541,1520510953
3541,1520511073
3541,1520513276
3541,1520516666
3541,1520518098
3541,1520518200
3541,1520518228
3541,1529695943
3541,1529832207
3541,1529940246
3541,1530020611
3541,1530073239
3541,1530188251
3541,1530201413
3541,1530222738
3541,1530594064
3541,1530594169
3541,1530595117
3541,1530633099
3541,1530635644
3541,1530646076
3541,1530662498
3541,1530681601
3541,1530695435
3541,1530710718
3541,1530740875
3541,1530741613
3541,1530748953
3541,1530767102
3541,1530779931
3541,1530786082
3541,1530786741
3541,1530819823
3541,1530822238
3541,1530835815
3541,1530848037
3541,1530856212
3541,1530870993
3541,1530889948
3541,1530908135
3541,1530910840
3541,1530911158
3541,1530925062
3541,1530928320
3541,1530938079
3541,1530938925
3541,1530945880
3541,1530974705
3541,1530979758
3541,1530986195
3541,1531035155
3541,1531072994
3541,1531086363
3541,1531089442
3541,1531090648
3541,1531093565
3541,1531109207
3541,1531148360
3541,1531152994
3541,1531158696
3541,1531193784
3541,1531251880
3541,1531259699
3541,1531271561
3541,1531276530
3541,1531281847
3541,1531292383
3541,1531305326
3541,1531307911
3541,1531316996
3541,1531346594
3541,1531369478
3541,1531374503
3541,1531382698
3541,1531417737
3541,1531420082
3541,1531444954
3541,1531450633
3541,1531808540
3541,1532089380
3541,1532158392
3541,1532871701
3541,1532872254
3541,1534211382
3541,1534689413
3541,1534689602
3541,1534689620
3541,1534690249
3541,1534690257
3541,1534880760
3541,1536333851
3541,1540550227
3541,1549277213
3541,1549278051
3541,1549278191
3541,1549279909
3541,1549288766
3541,1549288780
3541,1549296041
3541,1549296717
3541,1549296776
3541,1549297178
3541,1549297626
3541,1549299987
3541,1549300416
3541,1549301676
3541,1549315735
3541,1549316391
3541,1549332200
3541,1549332574
3541,1549332589
3541,1549333452
3541,1549333457
3541,1549333568
3541,1549334006
3541,1549337873
3541,1549338917
3541,1549428105
3541,1549464055
3541,1549751430
3541,1549758466
3541,1549758548
3541,1549758676
3541,1549758806
3541,1549759624
3541,1549764860
3541,1549771499
3541,1549772096
3541,1549772157
3541,1550592050
3541,1552897130
3541,1553397883
3541,1553397982
3541,1553399296
3541,1553469157
3541,1553469272
3541,1553470591
3541,1553475306
3541,1553480205
3541,1553480336
3541,1553480413
3541,1553480811
3541,1553536472
3541,1553673445
3541,1553909309
3541,1553942342
3541,1554004794
3541,1554005917
3541,1554037001
3541,1554146325
3541,1554146479
3541,1554146857
3541,1554147205
3541,1554151470
3541,1554152594
3541,1554152949
3541,1554153226
3541,1554153812
3541,1554154182
3541,1554154300
3541,1554154354
3541,1554154515
3541,1554155096
3541,1554155136
3541,1554155538
3541,1554155666
3541,1554155753
3541,1554155781
3541,1554156032
3541,1554156229
3541,1554156360
3541,1554156815
3541,1554157251
3541,1554157468
3541,1554158081
3541,1554158115
3541,1554158466
3541,1554215053
3541,1554413684
3541,1554451607
3541,1554472227
3541,1554474798
3541,1554755347
3541,1554838842
3541,1556023008
3541,1556111406
