event_id,node_id
632,1520264702
632,1520266322
632,1520271885
632,1520272138
632,1520272143
632,1520274387
632,1520278668
632,1520286487
632,1520286695
632,1520286910
632,1520288495
632,1520289253
632,1520299363
632,1520300067
632,1520301926
632,1520319489
632,1520322436
632,1520337007
632,1520405818
632,1520407966
632,1520408140
632,1520408722
632,1520409775
632,1520410598
632,1520411570
632,1520412853
632,1520415250
632,1520415291
632,1520416620
632,1520418677
632,1520418886
632,1520419463
632,1520419988
632,1520420376
632,1520421324
632,1520421477
632,1520421947
632,1520422008
632,1520422563
632,1520422827
632,1520424988
632,1520427385
632,1520429000
632,1520432808
632,1520434515
632,1520434796
632,1520434871
632,1520435901
632,1520437214
632,1520437541
632,1520438177
632,1520440172
632,1520440405
632,1520440638
632,1520441346
632,1520443392
632,1520445076
632,1520454289
632,1520455220
632,1520455376
632,1520455952
632,1520456404
632,1520457074
632,1520457413
632,1520457618
632,1520457813
632,1520459199
632,1520459502
632,1520460755
632,1520460966
632,1520461363
632,1520461954
632,1520463286
632,1520464133
632,1520465787
632,1520465793
632,1520466285
632,1520467319
632,1520467618
632,1520467951
632,1520468421
632,1520468750
632,1520469099
632,1520469431
632,1520469883
632,1520470673
632,1520471158
632,1520471210
632,1520474585
632,1520479561
632,1520480804
632,1520481929
632,1520482840
632,1520483719
632,1520485333
632,1520485701
632,1520486150
632,1520486368
632,1520488117
632,1520488133
632,1520489799
632,1520490334
632,1520490996
632,1520491719
632,1520492314
632,1520492854
632,1520492952
632,1520494741
632,1520495811
632,1520496807
632,1520496966
632,1520497345
632,1520498040
632,1520499200
632,1520518804
632,1529887453
632,1530594047
632,1530633061
632,1530638460
632,1530638977
632,1530665171
632,1530672684
632,1530688157
632,1530695069
632,1530717733
632,1530729572
632,1530781235
632,1530819063
632,1530825230
632,1530835698
632,1530843687
632,1530920676
632,1530973691
632,1530975029
632,1530986902
632,1530993562
632,1530998425
632,1531033930
632,1531068854
632,1531078665
632,1531082006
632,1531175864
632,1531215932
632,1531235046
632,1531310460
632,1531392399
632,1531421888
632,1531453765
632,1531456276
632,1532158397
632,1532159461
632,1532160291
632,1534879832
632,1534879900
632,1534880702
632,1535206775
632,1549276523
632,1549276838
632,1549279131
632,1549279791
632,1549316444
632,1549318998
632,1549333636
632,1549333845
632,1549341197
632,1549427967
632,1549446899
632,1549464014
632,1549748425
632,1549748690
632,1549758464
632,1549758477
632,1549758637
632,1549771799
632,1552896941
632,1553396637
632,1553396916
632,1553397998
632,1553398381
632,1553399274
632,1553472198
632,1553475698
632,1553480744
632,1553516173
632,1553532103
632,1553533551
632,1553536877
632,1553681110
632,1553942167
632,1554004874
632,1554005374
632,1554152126
632,1554152282
632,1554152448
632,1554152461
632,1554152783
632,1554153853
632,1554154004
632,1554154272
632,1554154732
632,1554155204
632,1554156000
632,1554156631
632,1554157292
632,1554158020
632,1554198798
632,1554414247
632,1554606857
632,1554783264
632,1556103142
