event_id,node_id
4192,1520271431
4192,1520285265
4192,1520285292
4192,1520285841
4192,1520287444
4192,1520289012
4192,1520289160
4192,1520290963
4192,1520298852
4192,1520299801
4192,1520300740
4192,1520300839
4192,1520301101
4192,1520301463
4192,1520301489
4192,1520301680
4192,1520302229
4192,1520302814
4192,1520303194
4192,1520304768
4192,1520314254
4192,1520314804
4192,1520314971
4192,1520316443
4192,1520318436
4192,1520318926
4192,1520319724
4192,1520319861
4192,1520333930
4192,1520334872
4192,1520335173
4192,1520336377
4192,1520337048
4192,1520402858
4192,1520402913
4192,1520403069
4192,1520403237
4192,1520403962
4192,1520404009
4192,1520404549
4192,1520404670
4192,1520405248
4192,1520405765
4192,1520406827
4192,1520406875
4192,1520407008
4192,1520407130
4192,1520407336
4192,1520408832
4192,1520408896
4192,1520408947
4192,1520410089
4192,1520410665
4192,1520410689
4192,1520410872
4192,1520411398
4192,1520411537
4192,1520411590
4192,1520412154
4192,1520412258
4192,1520412275
4192,1520412940
4192,1520413169
4192,1520413407
4192,1520413632
4192,1520413847
4192,1520414892
4192,1520414952
4192,1520415212
4192,1520416061
4192,1520416287
4192,1520416327
4192,1520416663
4192,1520417050
4192,1520417150
4192,1520418047
4192,1520418164
4192,1520418595
4192,1520418746
4192,1520419084
4192,1520419961
4192,1520420584
4192,1520421479
4192,1520421579
4192,1520421696
4192,1520421741
4192,1520421805
4192,1520422521
4192,1520422917
4192,1520426134
4192,1520428945
4192,1520429683
4192,1520430270
4192,1520430691
4192,1520431761
4192,1520432321
4192,1520433757
4192,1520433983
4192,1520434226
4192,1520434737
4192,1520434757
4192,1520436163
4192,1520436209
4192,1520436597
4192,1520436989
4192,1520437216
4192,1520437246
4192,1520440143
4192,1520440670
4192,1520440757
4192,1520441240
4192,1520441422
4192,1520441497
4192,1520441598
4192,1520441850
4192,1520443057
4192,1520443165
4192,1520443687
4192,1520444296
4192,1520444557
4192,1520444907
4192,1520454105
4192,1520455151
4192,1520455244
4192,1520455516
4192,1520456154
4192,1520456355
4192,1520456540
4192,1520457295
4192,1520457433
4192,1520457832
4192,1520457895
4192,1520458407
4192,1520458507
4192,1520458527
4192,1520458894
4192,1520459517
4192,1520459628
4192,1520459650
4192,1520460578
4192,1520460588
4192,1520460777
4192,1520460839
4192,1520461079
4192,1520461386
4192,1520461816
4192,1520461843
4192,1520461973
4192,1520462433
4192,1520463563
4192,1520464133
4192,1520465269
4192,1520465275
4192,1520466033
4192,1520466607
4192,1520467168
4192,1520467579
4192,1520468049
4192,1520468750
4192,1520470173
4192,1520470673
4192,1520470955
4192,1520471330
4192,1520471758
4192,1520472779
4192,1520473298
4192,1520474282
4192,1520477245
4192,1520477645
4192,1520478989
4192,1520479166
4192,1520479562
4192,1520479851
4192,1520479928
4192,1520479992
4192,1520480278
4192,1520480625
4192,1520480923
4192,1520481555
4192,1520482202
4192,1520482234
4192,1520482608
4192,1520482870
4192,1520483355
4192,1520483614
4192,1520483952
4192,1520484119
4192,1520484236
4192,1520484726
4192,1520485281
4192,1520485383
4192,1520485685
4192,1520486150
4192,1520486561
4192,1520486890
4192,1520487275
4192,1520487448
4192,1520488323
4192,1520488348
4192,1520488597
4192,1520488733
4192,1520488796
4192,1520490072
4192,1520490517
4192,1520490608
4192,1520491086
4192,1520491278
4192,1520491469
4192,1520491520
4192,1520491956
4192,1520492074
4192,1520492521
4192,1520492939
4192,1520493288
4192,1520493654
4192,1520493920
4192,1520493957
4192,1520494558
4192,1520494713
4192,1520495685
4192,1520495845
4192,1520496384
4192,1520496646
4192,1520496769
4192,1520496926
4192,1520497197
4192,1520497221
4192,1520497675
4192,1520497967
4192,1520498214
4192,1520498824
4192,1520498938
4192,1520498962
4192,1520499419
4192,1520500039
4192,1520500220
4192,1520510881
4192,1520511245
4192,1520513266
4192,1520514797
4192,1520514967
4192,1520516703
4192,1520518063
4192,1520518806
4192,1526678061
4192,1529814216
4192,1530002312
4192,1530073239
4192,1530164065
4192,1530594086
4192,1530594153
4192,1530626852
4192,1530627436
4192,1530629258
4192,1530632201
4192,1530635046
4192,1530637124
4192,1530638426
4192,1530638959
4192,1530639205
4192,1530639314
4192,1530644641
4192,1530649849
4192,1530656663
4192,1530660498
4192,1530667021
4192,1530692499
4192,1530708832
4192,1530736675
4192,1530737769
4192,1530747232
4192,1530763969
4192,1530775640
4192,1530805871
4192,1530841704
4192,1530852739
4192,1530872472
4192,1530881307
4192,1530903122
4192,1530906104
4192,1530916277
4192,1530927055
4192,1530928870
4192,1530942491
4192,1530963535
4192,1531004437
4192,1531007791
4192,1531014724
4192,1531022820
4192,1531087948
4192,1531095835
4192,1531122188
4192,1531125780
4192,1531148267
4192,1531174911
4192,1531175305
4192,1531203322
4192,1531206205
4192,1531238990
4192,1531246773
4192,1531253018
4192,1531255992
4192,1531298969
4192,1531342299
4192,1531350653
4192,1531354529
4192,1531396263
4192,1531402549
4192,1531405041
4192,1531420928
4192,1531422502
4192,1531425995
4192,1531455259
4192,1532090374
4192,1532158149
4192,1532158209
4192,1532158400
4192,1532159414
4192,1532160283
4192,1532989130
4192,1534688231
4192,1534689457
4192,1534689559
4192,1549276803
4192,1549278090
4192,1549279197
4192,1549279841
4192,1549279953
4192,1549295981
4192,1549296148
4192,1549300512
4192,1549315220
4192,1549315889
4192,1549332572
4192,1549337807
4192,1549338734
4192,1549339347
4192,1549341235
4192,1549341855
4192,1549428114
4192,1549456118
4192,1549464194
4192,1549523752
4192,1549625228
4192,1549709464
4192,1549742659
4192,1549743875
4192,1549744881
4192,1549745423
4192,1549745810
4192,1549758464
4192,1549758467
4192,1549759536
4192,1549759635
4192,1549762962
4192,1549771028
4192,1549771519
4192,1549772098
4192,1549772354
4192,1550589368
4192,1552891724
4192,1552895064
4192,1552896862
4192,1552897130
4192,1553395652
4192,1553396368
4192,1553397203
4192,1553398513
4192,1553445762
4192,1553472074
4192,1553480378
4192,1553480529
4192,1553481055
4192,1553481168
4192,1553533427
4192,1553533523
4192,1553533653
4192,1553536487
4192,1553536764
4192,1553536818
4192,1554004490
4192,1554004678
4192,1554005893
4192,1554147300
4192,1554153063
4192,1554153153
4192,1554153400
4192,1554153769
4192,1554154450
4192,1554154850
4192,1554155449
4192,1554156014
4192,1554156111
4192,1554156182
4192,1554156479
4192,1554156616
4192,1554156778
4192,1554156880
4192,1554156919
4192,1554157009
4192,1554157172
4192,1554157558
4192,1554157762
4192,1554158258
4192,1554430240
4192,1554600117
4192,1554605858
4192,1554755305
4192,1555275550
4192,1555278925
4192,1556028772
4192,1556046213
4192,1556046373
4192,1556046845
4192,1556076769
4192,1556083740
4192,1556104998
4192,1556111192
4192,1556116173
4192,1556117932
