0,1,2,3,4,5,6,7
0.0,0.9367076,0.93734235,0.9459157,0.93724877,0.93991214,0.9472604,0.95251834
0.9367076,0.0,0.9447768,0.9480352,0.94676346,0.94810903,0.9510686,0.95438313
0.93734235,0.9447768,0.0,0.9515611,0.94626474,0.95256263,0.9539513,0.9531546
0.9459157,0.9480352,0.9515611,0.0,0.95216686,0.95275646,0.9602571,0.9599317
0.93724877,0.94676346,0.94626474,0.95216686,0.0,0.9521365,0.9583846,0.95620793
0.93991214,0.94810903,0.95256263,0.95275646,0.9521365,0.0,0.9584394,0.95837766
0.9472604,0.9510686,0.9539513,0.9602571,0.9583846,0.9584394,0.0,0.9588624
0.95251834,0.95438313,0.9531546,0.9599317,0.95620793,0.95837766,0.9588624,0.0
