0,1,2,3,4,5,6,7
0.0,0.88434666,0.84094983,0.88655865,0.8555737,0.8708765,0.89850956,0.88771904
0.88434666,0.0,0.8866237,0.92004985,0.9085123,0.8904419,0.92839396,0.9221604
0.84094983,0.8866237,0.0,0.9081668,0.883447,0.89510113,0.88776207,0.89118236
0.88655865,0.92004985,0.9081668,0.0,0.90243256,0.90125394,0.9312139,0.9305649
0.8555737,0.9085123,0.883447,0.90243256,0.0,0.86399275,0.9134222,0.89698756
0.8708765,0.8904419,0.89510113,0.90125394,0.86399275,0.0,0.918014,0.9062326
0.89850956,0.92839396,0.88776207,0.9312139,0.9134222,0.918014,0.0,0.93022215
0.88771904,0.9221604,0.89118236,0.9305649,0.89698756,0.9062326,0.93022215,0.0
