0,1,2,3,4,5,6,7
0.0,0.92638886,0.92785525,0.93839407,0.9365392,0.9261956,0.9324306,0.9421475
0.92638886,0.0,0.9357108,0.9459357,0.9507149,0.94036174,0.9520045,0.9553733
0.92785525,0.9357108,0.0,0.94501376,0.94183266,0.93395704,0.93793476,0.9421672
0.93839407,0.9459357,0.94501376,0.0,0.9601038,0.95348024,0.9489139,0.95136
0.9365392,0.9507149,0.94183266,0.9601038,0.0,0.9525061,0.97134584,0.9640057
0.9261956,0.94036174,0.93395704,0.95348024,0.9525061,0.0,0.94447786,0.94488335
0.9324306,0.9520045,0.93793476,0.9489139,0.97134584,0.94447786,0.0,0.9583481
0.9421475,0.9553733,0.9421672,0.95136,0.9640057,0.94488335,0.9583481,0.0
