0,1,2,3,4,5,6,7
0.0,0.9359318,0.9384936,0.94592226,0.93688136,0.9401926,0.94735265,0.95330286
0.9359318,0.0,0.9446447,0.9461711,0.94485724,0.9479141,0.94901586,0.9527389
0.9384936,0.9446447,0.0,0.9510799,0.94568515,0.95332474,0.955515,0.95358914
0.94592226,0.9461711,0.9510799,0.0,0.95090747,0.95215327,0.96018577,0.9595706
0.93688136,0.94485724,0.94568515,0.95090747,0.0,0.9525626,0.9566063,0.95500153
0.9401926,0.9479141,0.95332474,0.95215327,0.9525626,0.0,0.95890975,0.95865166
0.94735265,0.94901586,0.955515,0.96018577,0.9566063,0.95890975,0.0,0.9576006
0.95330286,0.9527389,0.95358914,0.9595706,0.95500153,0.95865166,0.9576006,0.0
